0.6233233233233233 38.47095946181092
0.6252252252252253 15.090241430058624
0.6271271271271271 9.439648727747452
0.629029029029029 6.895989015222825
0.630930930930931 5.449342506543114
0.6328328328328328 4.515922294563417
0.6347347347347347 3.8637581782985624
0.6366366366366367 3.3823716949627487
0.6385385385385385 3.012447223906148
0.6404404404404405 2.719288079090239
0.6423423423423423 2.4812446313648855
0.6442442442442442 2.2841086496748373
0.6461461461461462 2.118169104050178
0.648048048048048 1.9765633169907095
0.6499499499499499 1.8543039925888356
0.6518518518518519 1.74767957023822
0.6537537537537538 1.6538708307677832
0.6556556556556556 1.5706979278886215
0.6575575575575576 1.4964488586532465
0.6594594594594595 1.4297603429574497
0.6613613613613614 1.3695333354592012
0.6632632632632633 1.3148719658450057
0.6651651651651651 1.265038662864251
0.6670670670670671 1.2194206694560288
0.668968968968969 1.1775047125211247
0.6708708708708708 1.1388576008058944
0.6727727727727728 1.1031111930589192
0.6746746746746747 1.0699506295577756
0.6765765765765765 1.0391050293220159
0.6784784784784785 1.0103400706467276
0.6803803803803804 0.9834520246575914
0.6822822822822823 0.9582629203960464
0.6841841841841843 0.9346165987463833
0.6860860860860861 0.9123754702353212
0.687987987987988 0.8914178344557327
0.68988988988989 0.8716356507988231
0.6917917917917917 0.852932674267008
0.6936936936936937 0.8352228884677854
0.6955955955955956 0.8184291819480344
0.6974974974974975 0.8024822248943485
0.6993993993993994 0.7873195116855978
0.7013013013013013 0.7728845414147281
0.7032032032032032 0.7591261137288402
0.7051051051051052 0.7459977214889251
0.707007007007007 0.7334570250661141
0.7089089089089089 0.7214653957527892
0.7108108108108109 0.7099875179148036
0.7127127127127127 0.6989910412532113
0.7146146146146146 0.6884462759636388
0.7165165165165166 0.6783259247437313
0.7184184184184184 0.6686048465549076
0.7203203203203203 0.65925984783378
0.7222222222222222 0.650269497502835
0.7241241241241241 0.641613962674422
0.7260260260260261 0.633274862396894
0.7279279279279279 0.6252351371729242
0.7298298298298298 0.6174789323006599
0.7317317317317318 0.6099914933589518
0.7336336336336337 0.6027590723869332
0.7355355355355355 0.5957688435026707
0.7374374374374375 0.58900882687125
0.7393393393393394 0.5824678200740688
0.7412412412412412 0.5761353360522288
0.7431431431431432 0.5700015469008715
0.745045045045045 0.5640572328808349
0.746946946946947 0.5582937360912178
0.748848848848849 0.5527029183132373
0.7507507507507507 0.5472771225936904
0.7526526526526527 0.5420091381866162
0.7545545545545546 0.5368921685156277
0.7564564564564564 0.53191980185751
0.7583583583583584 0.527085984481246
0.7602602602602603 0.522384996005806
0.7621621621621621 0.5178114267657709
0.7640640640640641 0.5133601569965266
0.765965965965966 0.5090263376705871
0.7678678678678679 0.5048053728342636
0.7697697697697699 0.5006929033093961
0.7716716716716716 0.4966847916386251
0.7735735735735736 0.4927771081649169
0.7754754754754756 0.48896611814686103
0.7773773773773773 0.48524826982094194
0.7792792792792793 0.4816201833305604
0.7811811811811812 0.4780786404492687
0.783083083083083 0.47462057503252053
0.784984984984985 0.47124306413841344
0.7868868868868869 0.46794331976334197
0.7887887887887888 0.4647186811434589
0.7906906906906908 0.46156660757726853
0.7925925925925926 0.45848467172863744
0.7944944944944945 0.4554705533731409
0.7963963963963965 0.45252203355385906
0.7982982982982982 0.4496369891156955
0.8002002002002002 0.4468133875899228
0.8021021021021022 0.44404928240303876
0.804004004004004 0.44134280838620926
0.8059059059059059 0.4386921775635123
0.8078078078078079 0.4360956751990085
0.8097097097097097 0.43355165608425456
0.8116116116116117 0.4310585410493782
0.8135135135135136 0.4286148136821652
0.8154154154154154 0.42621901724082584
0.8173173173173174 0.4238697517472261
0.8192192192192191 0.421565671248419
0.8211211211211211 0.4193054812351885
0.8230230230230231 0.4170879362072185
0.8249249249249249 0.41491183737525617
0.8268268268268268 0.41277603049135875
0.8287287287287288 0.41067940379898593
0.8306306306306306 0.40862088609525893
0.8325325325325326 0.40659944489831196
0.8344344344344345 0.40461408471314314
0.8363363363363363 0.40266384538982825
0.8382382382382383 0.40074780056843046
0.8401401401401403 0.3988650562052944
0.842042042042042 0.39701474917580937
0.843943943943944 0.3951960459490393
0.8458458458458458 0.39340814132996016
0.8477477477477477 0.39165025726530317
0.8496496496496497 0.38992164170928545
0.8515515515515515 0.3882215675457536
0.8534534534534535 0.38654933156349647
0.8553553553553555 0.3849042534816868
0.8572572572572572 0.3832856750226154
0.8591591591591592 0.381692959029071
0.8610610610610612 0.3801254886238567
0.8629629629629629 0.37858266640914034
0.8648648648648649 0.37706391370343234
0.8667667667667669 0.37556866981415743
0.8686686686686687 0.3740963913438908
0.8705705705705706 0.37264655152845727
0.8724724724724724 0.3712186396052023
0.8743743743743744 0.36981216020983215
0.8762762762762764 0.3684266328003434
0.8781781781781781 0.36706159110661424
0.8800800800800801 0.3657165826043544
0.8819819819819821 0.36439116801213783
0.8838838838838838 0.36308492081038035
0.8857857857857858 0.3617974267811175
0.8876876876876878 0.3605282835675678
0.8895895895895896 0.3592771002524805
0.8914914914914915 0.3580434969543463
0.8933933933933935 0.35682710444059246
0.8952952952952953 0.35562756375693616
0.8971971971971973 0.35444452587211117
0.899099099099099 0.3532776513372333
0.901001001001001 0.3521266099590975
0.902902902902903 0.350991080486761
0.9048048048048047 0.3498707503107683
0.9067067067067067 0.348765315174441
0.9086086086086087 0.3476744788966665
0.9105105105105105 0.34659795310565344
0.9124124124124124 0.34553545698315424
0.9143143143143144 0.34448671701867234
0.9162162162162162 0.3434514667732129
0.9181181181181182 0.3424294466521318
0.9200200200200201 0.3414204036866947
0.9219219219219219 0.3404240913239428
0.9238238238238239 0.3394402692245074
0.9257257257257256 0.3384687030680277
0.9276276276276276 0.3375091643658316
0.9295295295295296 0.33656143028056934
0.9314314314314314 0.33562528345250353
0.9333333333333333 0.33470051183216765
0.9352352352352353 0.3337869085191198
0.9371371371371371 0.3328842716065423
0.9390390390390391 0.33199240403143077
0.940940940940941 0.33111111343014865
0.9428428428428428 0.33024021199911957
0.9447447447447448 0.3293795163604473
0.9466466466466468 0.328528847432258
0.9485485485485485 0.3276880303035789
0.9504504504504505 0.3268568941135608
0.9523523523523523 0.32603527193487725
0.9542542542542543 0.32522300066112836
0.9561561561561562 0.32441992089808924
0.958058058058058 0.3236258768586552
0.95995995995996 0.3228407162613319
0.961861861861862 0.32206429023213773
0.9637637637637637 0.3212964532097803
0.9656656656656657 0.3205370628539834
0.9675675675675677 0.3197859799568411
0.9694694694694694 0.3190430683570845
0.9713713713713714 0.31830819485715145
0.9732732732732734 0.3175812291429434
0.9751751751751752 0.3168620437061879
0.9770770770770771 0.3161505137692844
0.9789789789789789 0.3154465172125612
0.9808808808808809 0.3147499345038411
0.9827827827827829 0.31406064863024125
0.9846846846846846 0.3133785450321103
0.9865865865865866 0.31270351153904397
0.9884884884884886 0.3120354383078838
0.9903903903903903 0.311374217762645
0.9922922922922923 0.31071974453629
0.9941941941941943 0.31007191541429047
0.9960960960960961 0.3094306292799118
0.997997997997998 0.30879578706115457
0.9998998998999 0.3081672916793038
1.0018018018018018 0.30754504799902105
1.0037037037037038 0.30692896277992926
1.0056056056056057 0.3063189446296383
1.0075075075075075 0.30571490395816264
1.0094094094094095 0.30511675293368035
1.0113113113113112 0.30452440543958653
1.0132132132132132 0.3039377770328069
1.0151151151151152 0.30335678490331497
1.017017017017017 0.30278134783482163
1.018918918918919 0.30221138616659354
1.020820820820821 0.301646821756368
1.0227227227227227 0.30108757794431856
1.0246246246246247 0.3005335795180467
1.0265265265265267 0.2999847526785578
1.0284284284284284 0.2994410250071967
1.0303303303303304 0.2989023254335019
1.0322322322322324 0.2983685842039587
1.0341341341341341 0.29783973285161547
1.0360360360360361 0.29731570416653813
1.0379379379379379 0.2967964321670755
1.0398398398398399 0.29628185207190805
1.0417417417417418 0.29577190027285777
1.0436436436436436 0.29526651430843576
1.0455455455455456 0.2947656328380983
1.0474474474474476 0.2942691956171973
1.0493493493493493 0.2937771434725979
1.0512512512512513 0.2932894182789458
1.0531531531531533 0.29280596293555994
1.055055055055055 0.29232672134393706
1.056956956956957 0.29185163838584566
1.058858858858859 0.2913806599019913
1.0607607607607608 0.2909137326712375
1.0626626626626627 0.2904508043903649
1.0645645645645645 0.28999182365435255
1.0664664664664665 0.2895367399371645
1.0683683683683685 0.28908550357302837
1.0702702702702702 0.2886380657381912
1.0721721721721722 0.28819437843313617
1.0740740740740742 0.2877543944652482
1.075975975975976 0.2873180674319192
1.077877877877878 0.2868853517040698
1.07977977977978 0.28645620241008724
1.0816816816816817 0.28603057542015986
1.0835835835835836 0.28560842733099795
1.0854854854854856 0.28518971545093325
1.0873873873873874 0.2847743977853819
1.0892892892892894 0.2843624330226628
1.0911911911911911 0.2839537805201616
1.093093093093093 0.28354840029082895
1.094994994994995 0.28314625299000434
1.0968968968968968 0.282747299902559
1.0987987987987988 0.28235150293034195
1.1007007007007008 0.28195882457992955
1.1026026026026026 0.2815692279506646
1.1045045045045045 0.28118267672297687
1.1064064064064065 0.28079913514698074
1.1083083083083083 0.2804185680313397
1.1102102102102103 0.28004094073239005
1.1121121121121122 0.27966621914352036
1.114014014014014 0.27929436968479354
1.115915915915916 0.27892535929281315
1.1178178178178177 0.27855915541081905
1.1197197197197197 0.27819572597901177
1.1216216216216217 0.2778350394250988
1.1235235235235235 0.27747706465505345
1.1254254254254255 0.2771217710440859
1.1273273273273274 0.27676912842781626
1.1292292292292292 0.27641910709364703
1.1311311311311312 0.27607167777232783
1.1330330330330332 0.2757268116297114
1.134934934934935 0.27538448025868867
1.136836836836837 0.27504465567130637
1.1387387387387389 0.27470731029105694
1.1406406406406406 0.27437241694533687
1.1425425425425426 0.2740399488580741
1.1444444444444444 0.27370987964251325
1.1463463463463464 0.273382183294157
1.1482482482482483 0.27305683418386445
1.15015015015015 0.27273380705109657
1.152052052052052 0.27241307699730444
1.153953953953954 0.27209461947946395
1.1558558558558558 0.2717784103037458
1.1577577577577578 0.27146442561932027
1.1596596596596598 0.27115264191229527
1.1615615615615615 0.2708430359997808
1.1634634634634635 0.27053558502407926
1.1653653653653655 0.2702302664469976
1.1672672672672673 0.2699270580442786
1.1691691691691692 0.26962593790014844
1.171071071071071 0.2693268844019767
1.172972972972973 0.2690298762350482
1.174874874874875 0.26873489237744164
1.1767767767767767 0.2684419120950149
1.1786786786786787 0.2681509149364905
1.1805805805805807 0.26786188072864503
1.1824824824824824 0.267574789571594
1.1843843843843844 0.267289621834172
1.1862862862862864 0.2670063581494088
1.1881881881881882 0.2667249794100949
1.1900900900900901 0.26644546676443476
1.1919919919919921 0.2661678016117913
1.1938938938938939 0.26589196559850903
1.1957957957957959 0.2656179406138276
1.1976976976976978 0.2653457087858697
1.1995995995995996 0.2650752524777119
1.2015015015015016 0.2648065542835332
1.2034034034034033 0.2645395970248357
1.2053053053053053 0.26427436374674307
1.2072072072072073 0.2640108377143693
1.209109109109109 0.263749002409257
1.211011011011011 0.2634888415258884
1.212912912912913 0.26323033896825815
1.2148148148148148 0.26297347884651784
1.2167167167167168 0.2627182454736813
1.2186186186186188 0.26246462336239246
1.2205205205205205 0.2622125972217582
1.2224224224224225 0.261962151954239
1.2243243243243245 0.2617132726525976
1.2262262262262262 0.26146594459690686
1.2281281281281282 0.2612201532516147
1.23003003003003 0.2609758842626623
1.231931931931932 0.26073312345465605
1.233833833833834 0.26049185682809445
1.2357357357357357 0.2602520705566446
1.2376376376376377 0.2600137509844692
1.2395395395395397 0.2597768846236045
1.2414414414414414 0.2595414581513838
1.2433433433433434 0.2593074584079125
1.2452452452452454 0.25907487239358445
1.2471471471471471 0.2588436872666469
1.2490490490490491 0.2586138903408093
1.250950950950951 0.25838546908289395
1.2528528528528529 0.2581584111105307
1.2547547547547548 0.25793270418989334
1.2566566566566566 0.2577083362334752
1.2585585585585586 0.2574852952979053
1.2604604604604606 0.2572635695818037
1.2623623623623623 0.25704314742367657
1.2642642642642643 0.25682401729984466
1.2661661661661663 0.2566061678224119
1.268068068068068 0.25638958773727005
1.26996996996997 0.25617426592213455
1.271871871871872 0.25596019138462145
1.2737737737737738 0.2557473532603496
1.2756756756756757 0.25553574081108366
1.2775775775775777 0.2553253434229057
1.2794794794794795 0.25511615060441767
1.2813813813813815 0.25490815198497757
1.2832832832832832 0.25470133731296546
1.2851851851851852 0.25449569645407577
1.2870870870870872 0.2542912193896454
1.288988988988989 0.25408789621500477
1.290890890890891 0.25388571713785885
1.292792792792793 0.2536846724766959
1.2946946946946947 0.25348475265922504
1.2965965965965967 0.25328594822083556
1.2984984984984986 0.25308824980308703
1.3004004004004006 0.2528916481522221
1.3023023023023024 0.2526961341177048
1.3042042042042044 0.2525016986507835
1.3061061061061061 0.2523083328030771
1.308008008008008 0.25211602772518704
1.30990990990991 0.25192477466532887
1.3118118118118118 0.2517345649679891
1.3137137137137138 0.2515453900726024
1.3156156156156158 0.2513572415122531
1.3175175175175176 0.25117011091239444
1.3194194194194195 0.25098398998959237
1.3213213213213215 0.2507988705502863
1.3232232232232233 0.25061474448957355
1.3251251251251253 0.2504316037900107
1.3270270270270272 0.25024944052043613
1.328928928928929 0.2500682468348097
1.330830830830831 0.2498880149710742
1.3327327327327327 0.2497087372500312
1.3346346346346347 0.24953040607423724
1.3365365365365367 0.2493530139269186
1.3384384384384385 0.2491765533708997
1.3403403403403404 0.24900101704755306
1.3422422422422424 0.24882639767576145
1.3441441441441442 0.24865268805090088
1.3460460460460462 0.24847988104383445
1.3479479479479481 0.24830796959992774
1.34984984984985 0.2481369467380751
1.3517517517517519 0.24796680554974213
1.3536536536536539 0.24779753919802663
1.3555555555555556 0.24762914091672816
1.3574574574574576 0.24746160400943648
1.3593593593593594 0.24729492184863294
1.3612612612612613 0.2471290878748052
1.3631631631631633 0.2469640955955759
1.365065065065065 0.24679993858484509
1.366966966966967 0.24663661048194477
1.368868868868869 0.24647410499080716
1.3707707707707708 0.24631241587914648
1.3726726726726728 0.24615153697765088
1.3745745745745748 0.2459914621791875
1.3764764764764765 0.24583218543802232
1.3783783783783785 0.24567370076904552
1.3802802802802805 0.2455160022470171
1.3821821821821823 0.24535908400581552
1.3840840840840842 0.24520294023770076
1.385985985985986 0.2450475651925924
1.387887887887888 0.24489295317735102
1.38978978978979 0.24473909855507556
1.3916916916916917 0.24458599574441087
1.3935935935935937 0.24443363921886094
1.3954954954954957 0.24428202350611888
1.3973973973973974 0.24413114318740148
1.3992992992992994 0.24398099289679565
1.4012012012012014 0.24383156732061442
1.4031031031031032 0.24368286119676283
1.4050050050050051 0.2435348693141109
1.4069069069069071 0.243387586511878
1.4088088088088089 0.2432410076790255
1.4107107107107109 0.24309512775365757
1.4126126126126126 0.24294994172243164
1.4145145145145146 0.2428054446199754
1.4164164164164166 0.2426616315283151
1.4183183183183183 0.24251849757630975
1.4202202202202203 0.24237603793909432
1.4221221221221223 0.2422342478375297
1.424024024024024 0.2420931225376634
1.425925925925926 0.24195265735019417
1.427827827827828 0.24181284762994606
1.4297297297297298 0.24167368877535225
1.4316316316316318 0.241535176227939
1.4335335335335337 0.24139730547182697
1.4354354354354355 0.24126007203322997
1.4373373373373375 0.24112347147996685
1.4392392392392392 0.24098749942097822
1.4411411411411412 0.2408521515058489
1.4430430430430432 0.2407174234243393
1.444944944944945 0.24058331090592017
1.446846846846847 0.24044980971931762
1.448748748748749 0.24031691567206095
1.4506506506506507 0.24018462461003917
1.4525525525525527 0.24005293241706185
1.4544544544544546 0.2399218350144266
1.4563563563563564 0.23979132836049327
1.4582582582582584 0.2396614084502639
1.4601601601601604 0.23953207131496448
1.4620620620620621 0.2394033130216402
1.463963963963964 0.23927512967274803
1.4658658658658659 0.2391475174057602
1.4677677677677679 0.2390204723927714
1.4696696696696698 0.23889399084010984
1.4715715715715716 0.2387680689879549
1.4734734734734736 0.23864270310996166
1.4753753753753756 0.23851788951288605
1.4772772772772773 0.2383936245362196
1.4791791791791793 0.23826990455182528
1.4810810810810813 0.2381467259635816
1.482982982982983 0.238024085207028
1.484884884884885 0.23790197874901722
1.486786786786787 0.2377804030873727
1.4886886886886888 0.237659354750547
1.4905905905905907 0.23753883029729017
1.4924924924924927 0.23741882631631656
1.4943943943943945 0.23729933942598108
1.4962962962962965 0.23718036627395564
1.4981981981981982 0.23706190353691314
1.5001001001001002 0.23694394792021362
1.5020020020020022 0.23682649615759355
1.503903903903904 0.23670954501086172
1.505805805805806 0.23659309126959857
1.507707707707708 0.2364771317508567
1.5096096096096097 0.23636166329886832
1.5115115115115116 0.23624668278475602
1.5134134134134136 0.23613218710624337
1.5153153153153154 0.2360181731873765
1.5172172172172174 0.23590463797824202
1.5191191191191193 0.235791578454693
1.521021021021021 0.2356789916180766
1.522922922922923 0.2355668744949651
1.5248248248248248 0.23545522413689196
1.5267267267267268 0.23534403762008807
1.5286286286286288 0.23523331204522527
1.5305305305305306 0.2351230445371602
1.5324324324324325 0.23501323224468204
1.5343343343343345 0.23490387234026328
1.5362362362362363 0.23479496201981528
1.5381381381381383 0.2346864985024443
1.5400400400400402 0.23457847903021167
1.541941941941942 0.23447090086789796
1.543843843843844 0.23436376130276804
1.545745745745746 0.23425705764434163
1.5476476476476477 0.23415078722416327
1.5495495495495497 0.23404494739557805
1.5514514514514515 0.23393953553350993
1.5533533533533534 0.233834549034239
1.5552552552552554 0.23372998531518832
1.5571571571571572 0.23362584181470622
1.5590590590590592 0.23352211599185588
1.5609609609609612 0.23341880532620557
1.562862862862863 0.23331590731762183
1.564764764764765 0.23321341948606564
1.5666666666666669 0.23311133937139017
1.5685685685685686 0.23300966453314173
1.5704704704704706 0.23290839255036197
1.5723723723723726 0.23280752102139463
1.5742742742742744 0.2327070475636921
1.5761761761761763 0.23260696981362516
1.578078078078078 0.23250728542629687
1.57997997997998 0.23240799207535506
1.581881881881882 0.23230908745281165
1.5837837837837838 0.232210569268857
1.5856856856856858 0.23211243525168704
1.5875875875875878 0.23201468314732096
1.5894894894894895 0.23191731071942912
1.5913913913913915 0.2318203157491604
1.5932932932932935 0.23172369603497026
1.5951951951951953 0.2316274493924525
1.5970970970970972 0.23153157365417354
1.5989989989989992 0.23143606666950556
1.600900900900901 0.23134092630446604
1.602802802802803 0.23124615044155444
1.6047047047047047 0.23115173697959465
1.6066066066066067 0.23105768383357755
1.6085085085085087 0.23096398893450495
1.6104104104104104 0.23087065022923617
1.6123123123123124 0.23077766568033628
1.6142142142142144 0.2306850332659257
1.6161161161161162 0.2305927509795327
1.6180180180180181 0.23050081682994383
1.6199199199199201 0.23040922884106363
1.6218218218218219 0.23031798505176643
1.6237237237237239 0.2302270835157579
1.6256256256256258 0.2301365223014327
1.6275275275275276 0.23004629949173777
1.6294294294294296 0.2299564131840334
1.6313313313313313 0.22986686148995947
1.6332332332332333 0.22977764253530084
1.6351351351351353 0.22968875445985448
1.637037037037037 0.22960019541729848
1.638938938938939 0.22951196357506412
1.640840840840841 0.22942405711420633
1.6427427427427428 0.22933647422927672
1.6446446446446448 0.22924921312820054
1.6465465465465468 0.22916227203215028
1.6484484484484485 0.22907564917542528
1.6503503503503505 0.2289893428053292
1.6522522522522525 0.2289033511820514
1.6541541541541542 0.22881767257854843
1.6560560560560562 0.22873230528042557
1.657957957957958 0.22864724758582294
1.65985985985986 0.22856249780529958
1.661761761761762 0.22847805426172135
1.6636636636636637 0.22839391529014652
1.6655655655655657 0.22831007923771873
1.6674674674674677 0.22822654446355348
1.6693693693693694 0.22814330933863267
1.6712712712712714 0.22806037224569534
1.6731731731731734 0.22797773157913276
1.6750750750750751 0.22789538574488333
1.6769769769769771 0.22781333316032826
1.678878878878879 0.22773157225418908
1.6807807807807809 0.22765010146642647
1.6826826826826828 0.22756891924813913
1.6845845845845848 0.22748802406146548
1.6864864864864866 0.2274074143794841
1.6883883883883886 0.22732708868611648
1.6902902902902903 0.22724704547603167
1.6921921921921923 0.2271672832545507
1.6940940940940943 0.2270878005375514
1.695995995995996 0.22700859585137742
1.697897897897898 0.22692966773274253
1.6997997997998 0.22685101472864383
1.7017017017017018 0.22677263539626705
1.7036036036036037 0.22669452830289988
1.7055055055055057 0.22661669202584267
1.7074074074074075 0.2265391251523216
1.7093093093093095 0.22646182627940167
1.7112112112112114 0.2263847940138997
1.7131131131131132 0.22630802697230304
1.7150150150150152 0.2262315237806819
1.716916916916917 0.22615528307460855
1.718818818818819 0.22607930349907446
1.720720720720721 0.22600358370840934
1.7226226226226227 0.2259281223662007
1.7245245245245246 0.22585291814521366
1.7264264264264266 0.22577796972731234
1.7283283283283284 0.22570327580338292
1.7302302302302304 0.2256288350732548
1.7321321321321324 0.2255546462456255
1.734034034034034 0.225480708037984
1.735935935935936 0.22540701917653708
1.737837837837838 0.22533357839613433
1.7397397397397398 0.22526038444019503
1.7416416416416418 0.22518743606063601
1.7435435435435436 0.22511473201779914
1.7454454454454456 0.22504227108038066
1.7473473473473475 0.22497005202536066
1.7492492492492493 0.22489807363793393
1.7511511511511513 0.22482633471143948
1.7530530530530533 0.22475483404729427
1.754954954954955 0.22468357045492413
1.756856856856857 0.22461254275169729
1.758758758758759 0.22454174976285834
1.7606606606606607 0.22447119032146273
1.7625625625625627 0.22440086326831107
1.7644644644644647 0.22433076745188615
1.7663663663663665 0.22426090172828753
1.7682682682682684 0.2241912649611702
1.7701701701701702 0.22412185602168164
1.7720720720720722 0.22405267378839946
1.7739739739739742 0.22398371714727164
1.775875875875876 0.22391498499155382
1.777777777777778 0.2238464762217514
1.7796796796796799 0.22377818974555963
1.7815815815815816 0.22371012447780392
1.7834834834834836 0.22364227934038292
1.7853853853853856 0.2235746532622101
1.7872872872872874 0.22350724517915596
1.7891891891891893 0.22344005403399395
1.7910910910910913 0.223373078776342
1.792992992992993 0.22330631836260847
1.794894894894895 0.22323977175593648
1.7967967967967968 0.2231734379261503
1.7986986986986988 0.22310731584970078
1.8006006006006008 0.22304140450961335
1.8025025025025025 0.22297570289543334
1.8044044044044045 0.22291021000317487
1.8063063063063065 0.22284492483526952
1.8082082082082083 0.22277984640051388
1.8101101101101102 0.22271497371401924
1.8120120120120122 0.22265030579716186
1.813913913913914 0.22258584167753243
1.815815815815816 0.22252158038888625
1.817717717717718 0.2224575209710965
1.8196196196196197 0.22239366247010284
1.8215215215215217 0.222330003937866
1.8234234234234235 0.22226654443231897
1.8253253253253254 0.22220328301732017
1.8272272272272274 0.22214021876260717
1.8291291291291292 0.22207735074374998
1.8310310310310312 0.2220146780421057
1.8329329329329331 0.2219521997447736
1.834834834834835 0.22188991494454943
1.8367367367367369 0.22182782273988116
1.8386386386386389 0.22176592223482583
1.8405405405405406 0.22170421253900396
1.8424424424424426 0.22164269276755882
1.8443443443443446 0.2215813620411116
1.8462462462462463 0.22152021948572073
1.8481481481481483 0.22145926423283818
1.85005005005005 0.22139849541926818
1.851951951951952 0.22133791218712703
1.853853853853854 0.2212775136838014
1.8557557557557558 0.22121729906190812
1.8576576576576578 0.2211572674792538
1.8595595595595598 0.22109741809879496
1.8614614614614615 0.22103775008859913
1.8633633633633635 0.22097826262180573
1.8652652652652655 0.22091895487658733
1.8671671671671672 0.2208598260361108
1.8690690690690692 0.2208008752885006
1.8709709709709712 0.2207421018267995
1.872872872872873 0.22068350484893295
1.874774774774775 0.22062508355767124
1.876676676676677 0.22056683716059317
1.8785785785785787 0.2205087648700493
1.8804804804804807 0.22045086590312646
1.8823823823823824 0.22039313948161277
1.8842842842842844 0.22033558483196097
1.8861861861861864 0.22027820118525424
1.8880880880880881 0.22022098777717178
1.8899899899899901 0.22016394384795357
1.891891891891892 0.22010706864236734
1.8937937937937939 0.2200503614096745
1.8956956956956958 0.21999382140359602
1.8975975975975978 0.21993744788228015
1.8994994994994996 0.21988124010826962
1.9014014014014016 0.21982519734846792
1.9033033033033036 0.2197693188741089
1.9052052052052053 0.21971360396072306
1.9071071071071073 0.21965805188810686
1.909009009009009 0.21960266194029093
1.910910910910911 0.21954743340550914
1.912812812812813 0.2194923655761675
1.9147147147147148 0.21943745774881399
1.9166166166166168 0.21938270922410757
1.9185185185185187 0.21932811930678886
1.9204204204204205 0.21927368730565036
1.9223223223223225 0.21921941253350555
1.9242242242242245 0.21916529430716156
1.9261261261261262 0.21911133194738905
1.9280280280280282 0.2190575247788934
1.9299299299299302 0.219003872130287
1.931831831831832 0.2189503733340598
1.933733733733734 0.21889702772655278
1.9356356356356357 0.21884383464792811
1.9375375375375377 0.21879079344214428
1.9394394394394396 0.21873790345692642
1.9413413413413414 0.2186851640437406
1.9432432432432434 0.21863257455776683
1.9451451451451454 0.21858013435787102
1.9470470470470471 0.21852784280658158
1.948948948948949 0.21847569927006047
1.950850850850851 0.21842370311807843
1.9527527527527528 0.21837185372398962
1.9546546546546548 0.2183201504647052
1.9565565565565568 0.21826859272066926
1.9584584584584586 0.21821717987583217
1.9603603603603605 0.2181659113176278
1.9622622622622623 0.2181147864369473
1.9641641641641643 0.21806380462811506
1.9660660660660663 0.2180129652888646
1.967967967967968 0.21796226782031483
1.96986986986987 0.21791171162694617
1.971771771771772 0.21786129611657654
1.9736736736736737 0.21781102070033842
1.9755755755755757 0.21776088479265562
1.9774774774774777 0.21771088781121944
1.9793793793793795 0.21766102917696745
1.9812812812812814 0.21761130831405942
1.9831831831831834 0.2175617246498559
1.9850850850850852 0.21751227761489456
1.9869869869869872 0.21746296664287018
1.988888888888889 0.21741379117061133
1.990790790790791 0.2173647506380586
