0.6233233233233233 0.00017829178602581414
0.6252252252252253 0.00044381893014920187
0.6271271271271271 0.0007091208011830776
0.629029029029029 0.0009741972013491093
0.630930930930931 0.001239047939298413
0.6328328328328328 0.0015036728300166875
0.6347347347347347 0.0017680716947304765
0.6366366366366367 0.0020322443608147183
0.6385385385385385 0.0022961906617024637
0.6404404404404405 0.0025599104367953485
0.6423423423423423 0.0028234035313757385
0.6442442442442442 0.0030866697965203525
0.6461461461461462 0.003349709089014848
0.648048048048048 0.003612521271270301
0.6499499499499499 0.00387510621124055
0.6518518518518519 0.004137463782340927
0.6537537537537538 0.004399593863368438
0.6556556556556556 0.004661496338422837
0.6575575575575576 0.004923171096829287
0.6594594594594595 0.00518461803306189
0.6613613613613614 0.005445837046668656
0.6632632632632633 0.005706828042197553
0.6651651651651651 0.0059675909291233165
0.6670670670670671 0.0062281256217761784
0.668968968968969 0.006488432039270837
0.6708708708708708 0.00674851010543707
0.6727727727727728 0.007008359748751179
0.6746746746746747 0.007267980902268429
0.6765765765765765 0.007527373503556681
0.6784784784784785 0.007786537494630955
0.6803803803803804 0.008045472821888795
0.6822822822822823 0.0083041794360469
0.6841841841841843 0.008562657292078665
0.6860860860860861 0.00882090634915225
0.687987987987988 0.009078926570570205
0.68988988988989 0.009336717923709673
0.6917917917917917 0.009594280379963087
0.6936936936936937 0.009851613914680837
0.6955955955955956 0.010108718507113245
0.6974974974974975 0.010365594140355205
0.6993993993993994 0.010622240801289862
0.7013013013013013 0.010878658480534481
0.7032032032032032 0.011134847172386345
0.7051051051051052 0.011390806874769763
0.707007007007007 0.011646537589183714
0.7089089089089089 0.011902039320650416
0.7108108108108109 0.012157312077664524
0.7127127127127127 0.012412355872143045
0.7146146146146146 0.012667170719376036
0.7165165165165166 0.012921756637978026
0.7184184184184184 0.013176113649840225
0.7203203203203203 0.013430241780083242
0.7222222222222222 0.013684141057010513
0.7241241241241241 0.013937811512062574
0.7260260260260261 0.01419125317977187
0.7279279279279279 0.01444446609771811
0.7298298298298298 0.014697450306484524
0.7317317317317318 0.014950205849614548
0.7336336336336337 0.015202732773569122
0.7355355355355355 0.015455031127684697
0.7374374374374375 0.015707100964131783
0.7393393393393394 0.015958942337874166
0.7412412412412412 0.016210555306628543
0.7431431431431432 0.016461939930824877
0.745045045045045 0.016713096273567252
0.746946946946947 0.016964024400595256
0.748848848848849 0.017214724380245988
0.7507507507507507 0.017465196283416466
0.7526526526526527 0.017715440183526915
0.7545545545545546 0.01796545615648381
0.7564564564564564 0.018215244280644433
0.7583583583583584 0.018464804636781264
0.7602602602602603 0.01871413730804674
0.7621621621621621 0.018963242379939255
0.7640640640640641 0.019212119940268807
0.765965965965966 0.01946077007912371
0.7678678678678679 0.019709192888837476
0.7697697697697699 0.01995738846395615
0.7716716716716716 0.020205356901206253
0.7735735735735736 0.020453098299463117
0.7754754754754756 0.020700612759719527
0.7773773773773773 0.0209479003850549
0.7792792792792793 0.021194961280604982
0.7811811811811812 0.021441795553531692
0.783083083083083 0.02168840331299383
0.784984984984985 0.02193478467011761
0.7868868868868869 0.0221809397379679
0.7887887887887888 0.022426868631520085
0.7906906906906908 0.022672571467631797
0.7925925925925926 0.022918048365015545
0.7944944944944945 0.023163299444211242
0.7963963963963965 0.023408324827559467
0.7982982982982982 0.023653124639174978
0.8002002002002002 0.023897699004920437
0.8021021021021022 0.024142048052380773
0.804004004004004 0.024386171910837525
0.8059059059059059 0.024630070711244043
0.8078078078078079 0.02487374458620037
0.8097097097097097 0.025117193669928976
0.8116116116116117 0.025360418098250875
0.8135135135135136 0.02560341800856137
0.8154154154154154 0.02584619353980674
0.8173173173173174 0.02608874483246153
0.8192192192192191 0.02633107202850505
0.8211211211211211 0.026573175271399244
0.8230230230230231 0.026815054706066245
0.8249249249249249 0.027056710478866514
0.8268268268268268 0.02729814273757742
0.8287287287287288 0.02753935163137131
0.8306306306306306 0.027780337310794864
0.8325325325325326 0.028021099927748278
0.8344344344344345 0.02826163963546442
0.8363363363363363 0.0285019565884889
0.8382382382382383 0.028742050942659966
0.8401401401401403 0.028981922855088712
0.842042042042042 0.02922157248413951
0.843943943943944 0.029460999989411114
0.8458458458458458 0.02970020553171739
0.8477477477477477 0.02993918927306876
0.8496496496496497 0.030177951376653578
0.8515515515515515 0.030416492006820117
0.8534534534534535 0.030654811329058312
0.8553553553553555 0.030892909509982195
0.8572572572572572 0.031130786717312404
0.8591591591591592 0.03136844311985856
0.8610610610610612 0.0316058788875026
0.8629629629629629 0.031843094191181594
0.8648648648648649 0.03208008920287133
0.8667667667667669 0.032316864095569754
0.8686686686686687 0.03255341904328079
0.8705705705705706 0.03278975422099847
0.8724724724724724 0.03302586980469074
0.8743743743743744 0.033261765971284524
0.8762762762762764 0.03349744289864961
0.8781781781781781 0.03373290076558408
0.8800800800800801 0.03396813975179871
0.8819819819819821 0.03420316003790291
0.8838838838838838 0.034437961805389265
0.8857857857857858 0.03467254523661982
0.8876876876876878 0.034906910514811346
0.8895895895895896 0.035141057824021535
0.8914914914914915 0.03537498734913502
0.8933933933933935 0.0356086992758498
0.8952952952952953 0.03584219379066348
0.8971971971971973 0.036075471080860115
0.899099099099099 0.03630853133449678
0.901001001001001 0.03654137474039101
0.902902902902903 0.03677400148810728
0.9048048048048047 0.03700641176794488
0.9067067067067067 0.03723860577092516
0.9086086086086087 0.03747058368877914
0.9105105105105105 0.037702345713935215
0.9124124124124124 0.037933892039507304
0.9143143143143144 0.038165222859282845
0.9162162162162162 0.03839633836771078
0.9181181181181182 0.03862723875989058
0.9200200200200201 0.038857924231560016
0.9219219219219219 0.039088394979084236
0.9238238238238239 0.03931865119944474
0.9257257257257256 0.03954869309022798
0.9276276276276276 0.039778520849614606
0.9295295295295296 0.04000813467636873
0.9314314314314314 0.04023753476982737
0.9333333333333333 0.04046672132988971
0.9352352352352353 0.04069569455700706
0.9371371371371371 0.04092445465217221
0.9390390390390391 0.041153001816909784
0.940940940940941 0.041381336253265934
0.9428428428428428 0.04160945816379854
0.9447447447447448 0.0418373677515676
0.9466466466466468 0.04206506522012552
0.9485485485485485 0.04229255077350749
0.9504504504504505 0.04251982461622251
0.9523523523523523 0.04274688695324367
0.9542542542542543 0.042973737989999275
0.9561561561561562 0.0432003779323638
0.958058058058058 0.0434268069866488
0.95995995995996 0.04365302535959442
0.961861861861862 0.04387903325836036
0.9637637637637637 0.04410483089051743
0.9656656656656657 0.04433041846403911
0.9675675675675677 0.04455579618729319
0.9694694694694694 0.04478096426903339
0.9713713713713714 0.04500592291839108
0.9732732732732734 0.045230672344867724
0.9751751751751752 0.045455212758326195
0.9770770770770771 0.04567954436898338
0.9789789789789789 0.04590366738740233
0.9808808808808809 0.046127582024484554
0.9827827827827829 0.04635128849146228
0.9846846846846846 0.04657478699989122
0.9865865865865866 0.04679807776164295
0.9884884884884886 0.04702116098889787
0.9903903903903903 0.047244036894137545
0.9922922922922923 0.0474667056901381
0.9941941941941943 0.04768916758996286
0.9960960960960961 0.047911422806955296
0.997997997997998 0.04813347155473256
0.9998998998999 0.04835531404717841
1.0018018018018018 0.0485769504984364
1.0037037037037038 0.048798381122903633
1.0056056056056057 0.04901960613522394
1.0075075075075075 0.0492406257502815
1.0094094094094095 0.04946144018319434
1.0113113113113112 0.04968204964930841
1.0132132132132132 0.049902454364190954
1.0151151151151152 0.050122654543624474
1.017017017017017 0.05034265040360076
1.018918918918919 0.050562442160314955
1.020820820820821 0.05078203003015938
1.0227227227227227 0.05100141422971778
1.0246246246246247 0.051220594975759814
1.0265265265265267 0.05143957248523499
1.0284284284284284 0.05165834697526703
1.0303303303303304 0.05187691866314865
1.0322322322322324 0.05209528776633572
1.0341341341341341 0.052313454502442076
1.0360360360360361 0.05253141908923398
1.0379379379379379 0.05274918174462478
1.0398398398398399 0.05296674268666986
1.0417417417417418 0.05318410213356153
1.0436436436436436 0.053401260303623424
1.0455455455455456 0.05361821741530611
1.0474474474474476 0.05383497368718174
1.0493493493493493 0.054051529337939073
1.0512512512512513 0.05426788458637845
1.0531531531531533 0.054484039651408384
1.055055055055055 0.054699994752038586
1.056956956956957 0.05491575010737673
1.058858858858859 0.05513130593662356
1.0607607607607608 0.05534666245906826
1.0626626626626627 0.0555618198940839
1.0645645645645645 0.055776778461123014
1.0664664664664665 0.055991538379713185
1.0683683683683685 0.05620609986945282
1.0702702702702702 0.056420463150006504
1.0721721721721722 0.056634628441101204
1.0740740740740742 0.056848595962521904
1.075975975975976 0.057062365934107136
1.077877877877878 0.057275938575745505
1.07977977977978 0.05748931410737111
1.0816816816816817 0.05770249274895979
1.0835835835835836 0.05791547472052534
1.0854854854854856 0.05812826024211532
1.0873873873873874 0.058340849533807304
1.0892892892892894 0.05855324281570517
1.0911911911911911 0.0587654403079352
1.093093093093093 0.05897744223064265
1.094994994994995 0.05918924880398785
1.0968968968968968 0.05940086024814244
1.0987987987987988 0.05961227678328632
1.1007007007007008 0.05982349862960375
1.1026026026026026 0.060034526007279786
1.1045045045045045 0.06024535913649717
1.1064064064064065 0.06045599823743272
1.1083083083083083 0.06066644353025398
1.1102102102102103 0.06087669523511602
1.1121121121121122 0.06108675357215798
1.114014014014014 0.06129661876150015
1.115915915915916 0.061506291023240435
1.1178178178178177 0.061715770577451354
1.1197197197197197 0.061925057644177106
1.1216216216216217 0.06213415244343009
1.1235235235235235 0.06234305519518826
1.1254254254254255 0.06255176611939199
1.1273273273273274 0.06276028543594102
1.1292292292292292 0.06296861336469156
1.1311311311311312 0.06317675012545372
1.1330330330330332 0.06338469593798819
1.134934934934935 0.06359245102200366
1.136836836836837 0.06380001559715401
1.1387387387387389 0.06400738988303567
1.1406406406406406 0.06421457409918478
1.1425425425425426 0.06442156846507462
1.1444444444444444 0.06462837320011257
1.1463463463463464 0.06483498852363835
1.1482482482482483 0.06504141465492058
1.15015015015015 0.06524765181315464
1.152052052052052 0.06545370021746018
1.153953953953954 0.06565956008687857
1.1558558558558558 0.0658652316403703
1.1577577577577578 0.06607071509681291
1.1596596596596598 0.06627601067499836
1.1615615615615615 0.06648111859363055
1.1634634634634635 0.06668603907132345
1.1653653653653655 0.06689077232659829
1.1672672672672673 0.0670953185778816
1.1691691691691692 0.06729967804350293
1.171071071071071 0.06750385094169255
1.172972972972973 0.0677078374905794
1.174874874874875 0.0679116379081888
1.1767767767767767 0.0681152524124403
1.1786786786786787 0.06831868122114589
1.1805805805805807 0.06852192455200756
1.1824824824824824 0.0687249826226153
1.1843843843843844 0.06892785565044549
1.1862862862862864 0.06913054385285841
1.1881881881881882 0.06933304744709635
1.1900900900900901 0.0695353666502821
1.1919919919919921 0.06973750167941631
1.1938938938938939 0.06993945275137645
1.1957957957957959 0.07014122008291418
1.1976976976976978 0.07034280389065395
1.1995995995995996 0.0705442043910912
1.2015015015015016 0.0707454218005901
1.2034034034034033 0.07094645633538234
1.2053053053053053 0.07114730821156516
1.2072072072072073 0.07134797764509958
1.209109109109109 0.0715484648518088
1.211011011011011 0.07174877004737625
1.212912912912913 0.07194889344734444
1.2148148148148148 0.07214883526711281
1.2167167167167168 0.07234859572193635
1.2186186186186188 0.07254817502692418
1.2205205205205205 0.07274757339703766
1.2224224224224225 0.07294679104708895
1.2243243243243245 0.07314582819173947
1.2262262262262262 0.07334468504549865
1.2281281281281282 0.07354336182272209
1.23003003003003 0.07374185873761016
1.231931931931932 0.07394017600420674
1.233833833833834 0.07413831383639768
1.2357357357357357 0.07433627244790916
1.2376376376376377 0.07453405205230686
1.2395395395395397 0.074731652862994
1.2414414414414414 0.07492907509321046
1.2433433433433434 0.07512631895603107
1.2452452452452454 0.07532338466436442
1.2471471471471471 0.07552027243095183
1.2490490490490491 0.07571698246836558
1.250950950950951 0.07591351498900818
1.2528528528528529 0.07610987020511069
1.2547547547547548 0.07630604832873171
1.2566566566566566 0.07650204957175602
1.2585585585585586 0.07669787414589373
1.2604604604604606 0.0768935222626788
1.2623623623623623 0.07708899413346774
1.2642642642642643 0.07728428996943894
1.2661661661661663 0.07747940998159128
1.268068068068068 0.07767435438074279
1.26996996996997 0.07786912337753026
1.271871871871872 0.0780637171824071
1.2737737737737738 0.07825813600564335
1.2756756756756757 0.078452380057324
1.2775775775775777 0.07864644954734806
1.2794794794794795 0.07884034468542774
1.2813813813813815 0.0790340656810873
1.2832832832832832 0.07922761274366183
1.2851851851851852 0.07942098608229702
1.2870870870870872 0.07961418590594714
1.288988988988989 0.0798072124233751
1.290890890890891 0.08000006584315084
1.292792792792793 0.0801927463736509
1.2946946946946947 0.08038525422305695
1.2965965965965967 0.08057758959935551
1.2984984984984986 0.0807697527103367
1.3004004004004006 0.08096174376359339
1.3023023023023024 0.08115356296652058
1.3042042042042044 0.0813452105263143
1.3061061061061061 0.08153668664997105
1.308008008008008 0.08172799154428671
1.30990990990991 0.08191912541585604
1.3118118118118118 0.08211008847107143
1.3137137137137138 0.08230088091612292
1.3156156156156158 0.0824915029569965
1.3175175175175176 0.08268195479947406
1.3194194194194195 0.0828722366491323
1.3213213213213215 0.08306234871134226
1.3232232232232233 0.08325229119126827
1.3251251251251253 0.08344206429386769
1.3270270270270272 0.08363166822388966
1.328928928928929 0.08382110318587511
1.330830830830831 0.08401036938415536
1.3327327327327327 0.08419946702285197
1.3346346346346347 0.08438839630587618
1.3365365365365367 0.08457715743692758
1.3384384384384385 0.08476575061949443
1.3403403403403404 0.08495417605685208
1.3422422422422424 0.08514243395206336
1.3441441441441442 0.08533052450797696
1.3460460460460462 0.08551844792722785
1.3479479479479481 0.08570620441223592
1.34984984984985 0.08589379416520573
1.3517517517517519 0.08608121738812632
1.3536536536536539 0.08626847428276974
1.3555555555555556 0.0864555650506914
1.3574574574574576 0.0866424898932293
1.3593593593593594 0.08682924901150318
1.3612612612612613 0.08701584260641451
1.3631631631631633 0.08720227087864563
1.365065065065065 0.08738853402865934
1.366966966966967 0.08757463225669865
1.368868868868869 0.08776056576278614
1.3707707707707708 0.08794633474672321
1.3726726726726728 0.0881319394080902
1.3745745745745748 0.08831737994624562
1.3764764764764765 0.08850265656032569
1.3783783783783785 0.08868776944924417
1.3802802802802805 0.08887271881169144
1.3821821821821823 0.0890575048461345
1.3840840840840842 0.08924212775081694
1.385985985985986 0.08942658772375743
1.387887887887888 0.08961088496275035
1.38978978978979 0.08979501966536524
1.3916916916916917 0.08997899202894571
1.3935935935935937 0.09016280225061023
1.3954954954954957 0.09034645052725077
1.3973973973973974 0.09052993705553294
1.3992992992992994 0.09071326203189564
1.4012012012012014 0.0908964256525507
1.4031031031031032 0.09107942811348237
1.4050050050050051 0.09126226961044721
1.4069069069069071 0.0914449503389739
1.4088088088088089 0.09162747049436253
1.4107107107107109 0.09180983027168456
1.4126126126126126 0.09199202986578252
1.4145145145145146 0.09217406947126996
1.4164164164164166 0.09235594928253071
1.4183183183183183 0.09253766949371878
1.4202202202202203 0.09271923029875834
1.4221221221221223 0.09290063189134327
1.424024024024024 0.09308187446493674
1.425925925925926 0.09326295821277139
1.427827827827828 0.09344388332784886
1.4297297297297298 0.09362465000293925
1.4316316316316318 0.09380525843058174
1.4335335335335337 0.09398570880308332
1.4354354354354355 0.09416600131251954
1.4373373373373375 0.09434613615073369
1.4392392392392392 0.09452611350933664
1.4411411411411412 0.09470593357970712
1.4430430430430432 0.09488559655299095
1.444944944944945 0.09506510262010129
1.446846846846847 0.09524445197171824
1.448748748748749 0.09542364479828883
1.4506506506506507 0.09560268129002654
1.4525525525525527 0.09578156163691146
1.4544544544544546 0.09596028602869017
1.4563563563563564 0.0961388546548754
1.4582582582582584 0.09631726770474565
1.4601601601601604 0.09649552536734599
1.4620620620620621 0.0966736278314867
1.463963963963964 0.096851575285744
1.4658658658658659 0.0970293679184597
1.4677677677677679 0.09720700591774092
1.4696696696696698 0.09738448947146013
1.4715715715715716 0.0975618187672553
1.4734734734734736 0.09773899399252907
1.4753753753753756 0.09791601533444955
1.4772772772772773 0.09809288297994945
1.4791791791791793 0.09826959711572658
1.4810810810810813 0.09844615792824332
1.482982982982983 0.0986225656037269
1.484884884884885 0.09879882032816915
1.486786786786787 0.09897492228732627
1.4886886886886888 0.09915087166671928
1.4905905905905907 0.0993266686516334
1.4924924924924927 0.0995023134271183
1.4943943943943945 0.09967780617798791
1.4962962962962965 0.09985314708882057
1.4981981981981982 0.10002833634395873
1.5001001001001002 0.10020337412750906
1.5020020020020022 0.10037826062334239
1.503903903903904 0.10055299601509401
1.505805805805806 0.10072758048616276
1.507707707707708 0.10090201421971196
1.5096096096096097 0.10107629739866893
1.5115115115115116 0.10125043020572481
1.5134134134134136 0.10142441282333532
1.5153153153153154 0.10159824543371973
1.5172172172172174 0.1017719282188615
1.5191191191191193 0.10194546136050829
1.521021021021021 0.10211884504017155
1.522922922922923 0.10229207943912702
1.5248248248248248 0.1024651647384142
1.5267267267267268 0.10263810111883712
1.5286286286286288 0.10281088876096363
1.5305305305305306 0.10298352784512561
1.5324324324324325 0.1031560185514194
1.5343343343343345 0.10332836105970535
1.5362362362362363 0.10350055554960796
1.5381381381381383 0.10367260220051604
1.5400400400400402 0.10384450119158287
1.541941941941942 0.10401625270172583
1.543843843843844 0.10418785690962684
1.545745745745746 0.10435931399373208
1.5476476476476477 0.10453062413225232
1.5495495495495497 0.104701787503163
1.5514514514514515 0.10487280428420381
1.5533533533533534 0.10504367465287964
1.5552552552552554 0.1052143987864596
1.5571571571571572 0.10538497686197772
1.5590590590590592 0.10555540905623303
1.5609609609609612 0.10572569554578942
1.562862862862863 0.10589583650697583
1.564764764764765 0.10606583211588629
1.5666666666666669 0.10623568254837999
1.5685685685685686 0.1064053879800812
1.5704704704704706 0.10657494858637999
1.5723723723723726 0.10674436454243126
1.5742742742742744 0.10691363602315598
1.5761761761761763 0.10708276320324055
1.578078078078078 0.10725174625713696
1.57997997997998 0.10742058535906336
1.581881881881882 0.1075892806830032
1.5837837837837838 0.10775783240270698
1.5856856856856858 0.10792624069169021
1.5875875875875878 0.10809450572323549
1.5894894894894895 0.10826262767039141
1.5913913913913915 0.10843060670597304
1.5932932932932935 0.10859844300256218
1.5951951951951953 0.10876613673250737
1.5970970970970972 0.1089336880679238
1.5989989989989992 0.10910109718069386
1.600900900900901 0.10926836424246673
1.602802802802803 0.10943548942465925
1.6047047047047047 0.10960247289845529
1.6066066066066067 0.1097693148348063
1.6085085085085087 0.10993601540443126
1.6104104104104104 0.11010257477781706
1.6123123123123124 0.1102689931252184
1.6142142142142144 0.11043527061665814
1.6161161161161162 0.11060140742192698
1.6180180180180181 0.11076740371058473
1.6199199199199201 0.11093325965195877
1.6218218218218219 0.11109897541514567
1.6237237237237239 0.11126455116901054
1.6256256256256258 0.11142998708218774
1.6275275275275276 0.1115952833230802
1.6294294294294296 0.11176044005986073
1.6313313313313313 0.11192545746047103
1.6332332332332333 0.1120903356926226
1.6351351351351353 0.11225507492379667
1.637037037037037 0.11241967532124457
1.638938938938939 0.11258413705198735
1.640840840840841 0.11274846028281629
1.6427427427427428 0.11291264518029351
1.6446446446446448 0.11307669191075125
1.6465465465465468 0.11324060064029283
1.6484484484484485 0.1134043715347922
1.6503503503503505 0.11356800475989473
1.6522522522522525 0.11373150048101696
1.6541541541541542 0.11389485886334662
1.6560560560560562 0.11405808007184355
1.657957957957958 0.11422116427123917
1.65985985985986 0.11438411162603694
1.661761761761762 0.11454692230051236
1.6636636636636637 0.11470959645871383
1.6655655655655657 0.11487213426446169
1.6674674674674677 0.11503453588134953
1.6693693693693694 0.1151968014727436
1.6712712712712714 0.11535893120178355
1.6731731731731734 0.1155209252313822
1.6750750750750751 0.11568278372422595
1.6769769769769771 0.11584450684277504
1.678878878878879 0.11600609474926357
1.6807807807807809 0.11616754760569978
1.6826826826826828 0.11632886557386642
1.6845845845845848 0.11649004881532049
1.6864864864864866 0.11665109749139392
1.6883883883883886 0.11681201176319368
1.6902902902902903 0.11697279179160176
1.6921921921921923 0.11713343773727558
1.6940940940940943 0.11729394976064829
1.695995995995996 0.11745432802192836
1.697897897897898 0.11761457268110102
1.6997997997998 0.1177746838979269
1.7017017017017018 0.11793466183194369
1.7036036036036037 0.11809450664246542
1.7055055055055057 0.1182542184885832
1.7074074074074075 0.11841379752916491
1.7093093093093095 0.11857324392285586
1.7112112112112114 0.11873255782807929
1.7131131131131132 0.11889173940303534
1.7150150150150152 0.11905078880570283
1.716916916916917 0.11920970619383849
1.718818818818819 0.11936849172497759
1.720720720720721 0.11952714555643375
1.7226226226226227 0.11968566784529965
1.7245245245245246 0.11984405874844709
1.7264264264264266 0.12000231842252716
1.7283283283283284 0.12016044702397034
1.7302302302302304 0.12031844470898707
1.7321321321321324 0.12047631163356758
1.734034034034034 0.12063404795348262
1.735935935935936 0.12079165382428317
1.737837837837838 0.12094912940130098
1.7397397397397398 0.12110647483964863
1.7416416416416418 0.12126369029422011
1.7435435435435436 0.12142077591969049
1.7454454454454456 0.12157773187051674
1.7473473473473475 0.1217345583009376
1.7492492492492493 0.12189125536497379
1.7511511511511513 0.12204782321642864
1.7530530530530533 0.12220426200888782
1.754954954954955 0.12236057189572001
1.756856856856857 0.12251675303007685
1.758758758758759 0.12267280556489331
1.7606606606606607 0.12282872965288788
1.7625625625625627 0.12298452544656299
1.7644644644644647 0.12314019309820484
1.7663663663663665 0.12329573275988416
1.7682682682682684 0.12345114458345616
1.7701701701701702 0.1236064287205606
1.7720720720720722 0.12376158532262271
1.7739739739739742 0.1239166145408524
1.775875875875876 0.12407151652624557
1.777777777777778 0.12422629142958382
1.7796796796796799 0.1243809394014344
1.7815815815815816 0.12453546059215122
1.7834834834834836 0.12468985515187446
1.7853853853853856 0.12484412323053108
1.7872872872872874 0.12499826497783542
1.7891891891891893 0.1251522805432885
1.7910910910910913 0.1253061700761793
1.792992992992993 0.12545993372558417
1.794894894894895 0.12561357164036785
1.7967967967967968 0.12576708396918324
1.7986986986986988 0.12592047086047178
1.8006006006006008 0.1260737324624634
1.8025025025025025 0.1262268689231775
1.8044044044044045 0.12637988039042258
1.8063063063063065 0.1265327670117967
1.8082082082082083 0.12668552893468757
1.8101101101101102 0.12683816630627343
1.8120120120120122 0.1269906792735222
1.813913913913914 0.12714306798319278
1.815815815815816 0.12729533258183498
1.817717717717718 0.12744747321578928
1.8196196196196197 0.12759949003118815
1.8215215215215217 0.12775138317395504
1.8234234234234235 0.1279031527898056
1.8253253253253254 0.12805479902424763
1.8272272272272274 0.12820632202258117
1.8291291291291292 0.12835772192989905
1.8310310310310312 0.12850899889108708
1.8329329329329331 0.1286601530508239
1.834834834834835 0.12881118455358193
1.8367367367367369 0.12896209354362723
1.8386386386386389 0.12911288016501962
1.8405405405405406 0.12926354456161362
1.8424424424424426 0.12941408687705777
1.8443443443443446 0.12956450725479568
1.8462462462462463 0.12971480583806555
1.8481481481481483 0.12986498276990122
1.85005005005005 0.1300150381931323
1.851951951951952 0.1301649722503837
1.853853853853854 0.13031478508407676
1.8557557557557558 0.1304644768364289
1.8576576576576578 0.1306140476494544
1.8595595595595598 0.13076349766496428
1.8614614614614615 0.13091282702456672
1.8633633633633635 0.13106203586966736
1.8652652652652655 0.13121112434146948
1.8671671671671672 0.13136009258097428
1.8690690690690692 0.1315089407289811
1.8709709709709712 0.13165766892608807
1.872872872872873 0.13180627731269165
1.874774774774775 0.13195476602898762
1.876676676676677 0.13210313521497088
1.8785785785785787 0.13225138501043587
1.8804804804804807 0.13239951555497703
1.8823823823823824 0.13254752698798866
1.8842842842842844 0.13269541944866553
1.8861861861861864 0.13284319307600306
1.8880880880880881 0.13299084800879732
1.8899899899899901 0.13313838438564596
1.891891891891892 0.13328580234494772
1.8937937937937939 0.13343310202490305
1.8956956956956958 0.13358028356351456
1.8975975975975978 0.13372734709858705
1.8994994994994996 0.13387429276772758
1.9014014014014016 0.13402112070834638
1.9033033033033036 0.1341678310576564
1.9052052052052053 0.13431442395267404
1.9071071071071073 0.1344608995302193
1.909009009009009 0.134607257926916
1.910910910910911 0.13475349927919203
1.912812812812813 0.1348996237232798
1.9147147147147148 0.1350456313952163
1.9166166166166168 0.13519152243084345
1.9185185185185187 0.1353372969658086
1.9204204204204205 0.1354829551355639
1.9223223223223225 0.13562849707536823
1.9242242242242245 0.1357739229202857
1.9261261261261262 0.13591923280518706
1.9280280280280282 0.13606442686474965
1.9299299299299302 0.13620950523345743
1.931831831831832 0.13635446804560156
1.933733733733734 0.13649931543528054
1.9356356356356357 0.1366440475364008
1.9375375375375377 0.13678866448267624
1.9394394394394396 0.13693316640762918
1.9413413413413414 0.13707755344459036
1.9432432432432434 0.13722182572669905
1.9451451451451454 0.13736598338690417
1.9470470470470471 0.13751002655796304
1.948948948948949 0.13765395537244304
1.950850850850851 0.13779776996272142
1.9527527527527528 0.13794147046098504
1.9546546546546548 0.13808505699923157
1.9565565565565568 0.13822852970926913
1.9584584584584586 0.13837188872271675
1.9603603603603605 0.13851513417100458
1.9622622622622623 0.13865826618537405
1.9641641641641643 0.1388012848968787
1.9660660660660663 0.1389441904363839
1.967967967967968 0.139086982934567
1.96986986986987 0.13922966252191807
1.971771771771772 0.13937222932874005
1.9736736736736737 0.1395146834851487
1.9755755755755757 0.13965702512107311
1.9774774774774777 0.1397992543662565
1.9793793793793795 0.13994137135025528
1.9812812812812814 0.14008337620244027
1.9831831831831834 0.14022526905199661
1.9850850850850852 0.1403670500279245
1.9869869869869872 0.14050871925903857
1.988888888888889 0.14065027687396875
1.990790790790791 0.14079172300116097
1.992692692692693 0.14093305776887613
1.9945945945945946 0.14107428130519173
1.9964964964964966 0.1412153937380013
1.9983983983983986 0.14135639519501506
2.0003003003003004 0.14149728580376023
2.002202202202202 0.14163806569158063
2.0041041041041043 0.14177873498563784
2.006006006006006 0.1419192938129109
2.007907907907908 0.14205974230019697
2.00980980980981 0.1422000805741113
2.011711711711712 0.14234030876108736
2.0136136136136136 0.1424804269873775
2.0155155155155153 0.1426204353790531
2.0174174174174175 0.1427603340620049
2.0193193193193193 0.14290012316194284
2.021221221221221 0.14303980280439677
2.0231231231231233 0.1431793731147168
2.025025025025025 0.14331883421807293
2.0269269269269268 0.1434581862394562
2.028828828828829 0.1435974293036783
2.0307307307307307 0.14373656353537184
2.0326326326326325 0.1438755890589913
2.0345345345345347 0.1440145059988125
2.0364364364364365 0.14415331447893295
2.038338338338338 0.14429201462327276
2.0402402402402404 0.14443060655557444
2.042142142142142 0.14456909039940294
2.044044044044044 0.14470746627814654
2.045945945945946 0.14484573431501657
